TIMESTAMP	RECORD	BattV_Avg	AirTControl_Avg	RHCT	T107_C_CT1_Avg	T107_C_CT2_Avg	T107_C_CT3_Avg	T107_C_GH1_Avg	T107_C_GH2_Avg	T107_C_GH3_Avg	VW_CT_Avg	PA_uS_CT_Avg	VW_GH_Avg	PA_uS_GH_Avg	Temp_C_Avg(1)	Temp_C_Avg(2)	Temp_C_Avg(3)	Temp_C_Avg(4)	Temp_C_Avg(5)	Temp_C_Avg(6)	Temp_C_Avg(7)	Temp_C_Avg(8)	Temp_C_Avg(9)	Temp_C_Avg(10)	Temp_C_Avg(11)	Temp_C_Avg(12)	Temp_C_Avg(13)	Temp_C_Avg(14)	Temp_C_Avg(15)	Temp_C_Avg(16)	Temp_C_Avg(17)	Temp_C_Avg(18)	RTempC_Avg
2018-08-10 14:30	0	12.56	2.806	89.5	1.287	2.356	3.442	4.401	2.833	NAN	0	0	0	0	NAN	NAN	NAN	NAN	NAN	NAN	NAN	NAN	NAN	NAN	NAN	NAN	NAN	NAN	NAN	NAN	NAN	NAN	NAN
2018-08-10 15:00	1	12.55	2.93	90	1.301	2.4	3.486	4.501	2.88	NAN	0.005	0.032	0.009	0.037	NAN	NAN	NAN	NAN	NAN	NAN	NAN	NAN	NAN	NAN	NAN	NAN	NAN	NAN	NAN	NAN	NAN	NAN	NAN
2018-08-10 15:30	2	12.55	3.005	89.4	1.321	2.459	3.583	4.67	2.951	NAN	0.152	0.952	0.256	1.096	NAN	NAN	NAN	NAN	NAN	NAN	NAN	NAN	NAN	NAN	NAN	NAN	NAN	NAN	NAN	NAN	NAN	NAN	NAN
2018-08-10 16:00	3	12.54	2.841	88.7	1.342	2.481	3.594	4.802	2.975	NAN	0.152	0.952	0.256	1.096	4.104	1.625	0.802	5.553	1.303	0.995	6.434	2.576	2.386	3.978	1.268	0.851	2.741	0.892	0.296	2.518	1.721	0.682	5.183
2018-08-10 16:30	4	12.52	2.678	91	1.356	2.476	3.546	4.865	2.94	NAN	0.152	0.952	0.256	1.096	4.119	1.649	0.789	5.421	1.312	0.999	6.061	2.65	2.456	3.962	1.333	0.864	2.723	0.904	0.298	2.52	1.752	0.701	4.889
2018-08-10 17:00	5	12.49	2.584	90.5	1.37	2.449	3.453	4.842	1.76	0.337	0.008	0.053	0.014	0.061	4.003	1.67	0.767	5.087	1.311	0.987	5.462	2.704	2.504	3.779	1.372	0.854	2.655	0.898	0.286	2.454	1.758	0.699	4.429
2018-08-10 17:30	6	12.49	2.575	90.4	1.378	2.432	3.401	4.791	2.786	4.424	0.152	0.952	0.257	1.097	3.917	1.69	0.763	4.894	1.319	0.988	5.189	2.734	2.526	3.658	1.397	0.851	2.608	0.901	0.284	2.407	1.759	0.707	4.145
2018-08-10 18:00	7	12.49	2.616	89.3	1.379	2.412	3.346	4.718	2.712	4.306	0.152	0.952	0.257	1.097	3.817	1.717	0.759	4.704	1.329	0.99	4.939	2.752	2.542	3.524	1.419	0.842	2.551	0.904	0.285	2.36	1.759	0.713	3.835
2018-08-10 18:30	8	12.49	2.558	88.6	1.386	2.387	3.295	4.638	2.647	4.207	0.152	0.952	0.257	1.097	3.717	1.736	0.753	4.544	1.338	0.989	4.705	2.758	2.545	3.401	1.433	0.828	2.487	0.9	0.283	2.321	1.75	0.717	3.589
2018-08-10 19:00	9	12.49	2.435	91.5	1.393	2.366	3.224	4.561	2.594	4.114	0.152	0.952	0.257	1.097	3.632	1.756	0.752	4.411	1.347	0.992	4.56	2.746	2.541	3.294	1.439	0.822	2.443	0.901	0.283	2.293	1.741	0.72	3.375
2018-08-10 19:30	10	12.48	2.374	92.4	1.398	2.349	3.174	4.485	2.546	4.041	0.152	0.952	0.257	1.097	3.566	1.772	0.748	4.307	1.352	0.996	4.46	2.734	2.528	3.221	1.437	0.81	2.398	0.896	0.283	2.264	1.73	0.723	3.205
2018-08-10 20:00	11	12.47	1.987	95.4	1.399	2.306	3.041	4.391	2.474	3.962	0.152	0.952	0.257	1.097	3.464	1.785	0.751	4.113	1.359	0.998	4.143	2.719	2.514	3.126	1.437	0.812	2.333	0.898	0.287	2.219	1.716	0.722	3.057
2018-08-10 20:30	12	12.47	1.662	93.3	1.403	2.251	2.902	4.276	2.396	3.858	0.153	0.953	0.258	1.098	3.334	1.794	0.754	3.875	1.365	1.003	3.782	2.696	2.493	2.979	1.431	0.814	2.257	0.896	0.296	2.138	1.696	0.724	2.846
2018-08-10 21:00	13	12.46	1.537	94.1	1.401	2.201	2.77	4.147	2.32	3.742	0.153	0.953	0.258	1.098	3.205	1.799	0.753	3.662	1.37	1.007	3.491	2.666	2.466	2.824	1.42	0.804	2.175	0.89	0.297	2.048	1.668	0.725	2.604
2018-08-10 21:30	14	12.46	1.209	95.2	1.397	2.139	2.601	4.004	2.227	3.606	0.153	0.954	0.259	1.1	3.05	1.793	0.755	3.408	1.371	1.01	3.089	2.627	2.43	2.637	1.407	0.795	2.078	0.88	0.299	1.962	1.629	0.721	2.355
2018-08-10 22:00	15	12.46	0.769	94.8	1.389	2.08	2.418	3.846	2.13	3.46	0.153	0.954	0.259	1.1	2.872	1.791	0.758	3.128	1.37	1.013	2.689	2.58	2.386	2.435	1.389	0.785	1.969	0.866	0.3	1.862	1.581	0.716	2.076
2018-08-10 22:30	16	12.45	0.489	94.6	1.385	2.015	2.229	3.677	2.035	3.308	0.154	0.956	0.26	1.102	2.654	1.792	0.767	2.792	1.369	1.016	2.106	2.52	2.337	2.151	1.367	0.779	1.841	0.856	0.306	1.738	1.533	0.712	1.703
2018-08-10 23:00	17	12.45	0.425	94.3	1.37	1.952	2.074	3.495	1.93	3.151	0.154	0.956	0.26	1.102	2.413	1.78	0.758	2.47	1.365	1.013	1.685	2.448	2.267	1.87	1.336	0.75	1.71	0.829	0.307	1.601	1.474	0.696	1.27
2018-08-10 23:30	18	12.45	0.38	96.2	1.353	1.884	1.92	3.298	1.816	2.976	0.155	0.957	0.261	1.103	2.19	1.755	0.758	2.172	1.361	1.016	1.338	2.366	2.197	1.622	1.299	0.728	1.572	0.81	0.297	1.457	1.411	0.686	0.82
2018-08-11 0:00	19	12.45	0.209	96.4	1.337	1.814	1.772	3.09	1.699	2.786	0.155	0.957	0.261	1.103	1.984	1.733	0.759	1.905	1.344	1.013	1.092	2.273	2.116	1.412	1.243	0.701	1.44	0.785	0.297	1.306	1.339	0.675	0.34
2018-08-11 0:30	20	12.45	0.181	95	1.321	1.748	1.647	2.879	1.592	2.604	0.155	0.957	0.262	1.104	1.798	1.7	0.744	1.67	1.33	1	0.928	2.173	2.026	1.23	1.183	0.667	1.322	0.748	0.292	1.167	1.272	0.651	-0.167
2018-08-11 1:00	21	12.45	0.142	92.6	1.306	1.689	1.54	2.683	1.512	2.458	0.155	0.957	0.262	1.104	1.633	1.656	0.735	1.498	1.31	0.991	0.842	2.072	1.938	1.084	1.113	0.62	1.215	0.716	0.275	1.057	1.211	0.634	-0.498
2018-08-11 1:30	22	12.44	-0.261	93.4	1.281	1.62	1.421	2.495	1.433	2.322	0.156	0.957	0.262	1.104	1.49	1.617	0.732	1.358	1.294	0.983	0.755	1.972	1.852	0.963	1.057	0.595	1.123	0.69	0.265	0.968	1.151	0.615	-0.723
2018-08-11 2:00	23	12.44	0.225	90.4	1.257	1.565	1.353	2.328	1.373	2.209	0.156	0.957	0.262	1.104	1.366	1.576	0.731	1.25	1.277	0.979	0.708	1.882	1.77	0.863	0.993	0.57	1.051	0.667	0.265	0.9	1.105	0.609	-0.906
2018-08-11 2:30	24	12.44	0.403	88.2	1.232	1.505	1.265	2.177	1.323	2.112	0.155	0.957	0.262	1.104	1.268	1.534	0.728	1.169	1.26	0.974	0.667	1.794	1.697	0.78	0.939	0.544	0.984	0.642	0.262	0.847	1.057	0.596	-0.935
2018-08-11 3:00	25	12.44	0.196	89.5	1.205	1.433	1.15	2.032	1.263	2.013	0.155	0.957	0.262	1.104	1.181	1.503	0.736	1.09	1.248	0.975	0.606	1.719	1.63	0.71	0.905	0.541	0.926	0.625	0.263	0.801	1.009	0.579	-1.034
2018-08-11 3:30	26	12.43	0.013	89.1	1.178	1.368	1.066	1.887	1.203	1.909	0.156	0.958	0.263	1.105	1.083	1.457	0.727	1.002	1.223	0.961	0.545	1.635	1.555	0.632	0.852	0.522	0.865	0.597	0.252	0.73	0.959	0.554	-1.292
2018-08-11 4:00	27	12.43	-0.18	89.2	1.153	1.304	0.979	1.743	1.146	1.815	0.156	0.958	0.263	1.105	0.997	1.416	0.722	0.934	1.202	0.951	0.498	1.56	1.489	0.565	0.808	0.505	0.805	0.574	0.245	0.663	0.913	0.536	-1.598
2018-08-11 4:30	28	12.44	-0.748	89.5	1.127	1.245	0.899	1.601	1.091	1.729	0.156	0.958	0.263	1.106	0.923	1.375	0.722	0.876	1.183	0.943	0.459	1.496	1.43	0.508	0.769	0.492	0.752	0.556	0.242	0.616	0.872	0.52	-1.962
2018-08-11 5:00	29	12.46	-1.469	92.7	1.097	1.204	0.84	1.482	1.071	1.67	0.156	0.958	0.263	1.106	0.844	1.326	0.712	0.821	1.159	0.931	0.447	1.432	1.371	0.453	0.718	0.452	0.692	0.524	0.228	0.572	0.83	0.504	-2.276
2018-08-11 5:30	30	12.5	-1.211	92.6	1.067	1.186	0.807	1.405	1.09	1.656	0.156	0.958	0.263	1.105	0.767	1.267	0.688	0.769	1.128	0.909	0.483	1.369	1.312	0.397	0.657	0.399	0.631	0.487	0.207	0.536	0.786	0.489	-2.289
2018-08-11 6:00	31	12.59	-0.184	92.9	1.037	1.162	0.793	1.386	1.153	1.7	0.156	0.958	0.263	1.105	0.716	1.222	0.68	0.746	1.106	0.897	0.587	1.319	1.266	0.36	0.608	0.369	0.599	0.468	0.203	0.524	0.761	0.489	-1.958
2018-08-11 6:30	32	12.75	0.577	90.2	1.005	1.132	0.797	1.444	1.276	1.86	0.155	0.957	0.262	1.104	0.688	1.182	0.672	0.738	1.085	0.888	0.73	1.275	1.225	0.332	0.566	0.345	0.577	0.449	0.198	0.522	0.738	0.486	-1.328
2018-08-11 7:00	33	13	1.582	88.9	0.979	1.096	0.805	1.599	1.446	2.132	0.155	0.957	0.262	1.104	0.663	1.144	0.664	0.76	1.068	0.876	1.231	1.233	1.189	0.313	0.531	0.325	0.555	0.43	0.196	0.522	0.717	0.479	-0.537
2018-08-11 7:30	34	13.3	2.332	84.6	0.954	1.055	0.825	1.855	1.637	2.521	0.155	0.957	0.262	1.103	0.674	1.11	0.664	1.023	1.051	0.869	2.76	1.196	1.154	0.298	0.505	0.316	0.554	0.422	0.195	0.535	0.708	0.482	0.348
2018-08-11 8:00	35	13.46	2.957	83.8	0.929	1.014	0.845	2.233	1.858	3.008	0.155	0.957	0.262	1.103	0.707	1.079	0.661	1.96	1.035	0.862	4.503	1.165	1.126	0.29	0.478	0.312	0.578	0.415	0.2	0.614	0.698	0.478	1.318
2018-08-11 8:30	36	13.58	3.739	77.22	0.909	0.993	0.865	2.721	2.096	3.536	0.155	0.956	0.261	1.102	0.765	1.058	0.661	3.014	1.024	0.855	5.743	1.14	1.103	0.294	0.461	0.311	0.65	0.406	0.196	0.907	0.689	0.474	2.238
2018-08-11 9:00	37	13.58	4.699	73.74	0.886	1.035	0.91	3.347	2.371	4.207	0.155	0.956	0.261	1.102	0.866	1.021	0.648	4.099	0.999	0.839	7.143	1.111	1.076	0.34	0.433	0.299	0.787	0.396	0.186	1.311	0.676	0.466	3.206
2018-08-11 9:30	38	13.57	5.604	63.71	0.867	1.153	0.985	4.076	2.618	4.87	0.155	0.957	0.257	1.097	1.056	0.995	0.647	5.01	0.983	0.83	8.03	1.118	1.072	0.469	0.424	0.303	0.966	0.406	0.183	1.73	0.679	0.458	4.195
2018-08-11 10:00	39	13.55	5.68	66	0.85	1.306	1.17	4.824	2.876	5.44	0.155	0.957	0.257	1.097	1.437	0.978	0.641	6.023	0.968	0.821	8.68	1.163	1.104	0.699	0.419	0.313	1.147	0.419	0.178	2.135	0.693	0.454	5.163
2018-08-11 10:30	40	13.58	5.993	58.43	0.832	1.48	1.418	5.533	3.122	6.128	0.155	0.956	0.256	1.096	1.936	0.979	0.645	7.001	0.957	0.815	9.08	1.258	1.179	1.009	0.425	0.354	1.382	0.451	0.185	2.454	0.731	0.449	5.997
2018-08-11 11:00	41	13.67	6.326	59.17	0.825	1.702	1.773	6.324	3.426	6.815	0.155	0.956	0.256	1.096	2.499	0.987	0.642	8.27	0.942	0.801	9.74	1.388	1.281	1.412	0.426	0.392	1.641	0.487	0.188	2.668	0.792	0.444	6.729
2018-08-11 11:30	42	13.64	6.655	59.02	0.824	1.94	2.189	7.221	3.737	7.466	0.154	0.955	0.253	1.093	3.11	1.011	0.633	9.6	0.927	0.788	10.28	1.561	1.424	1.883	0.44	0.426	1.895	0.523	0.186	2.892	0.878	0.437	7.476
2018-08-11 12:00	43	13.52	6.524	59.37	0.823	2.139	2.525	8.03	3.918	7.799	0.154	0.955	0.253	1.093	3.66	1.067	0.638	10.31	0.93	0.792	10.1	1.791	1.625	2.351	0.504	0.484	2.091	0.569	0.192	3.131	0.982	0.431	8.08
2018-08-11 12:30	44	13.61	7.121	56.53	0.826	2.32	2.94	8.72	4.051	8.11	0.153	0.954	0.253	1.092	4.023	1.128	0.637	10.7	0.927	0.78	10.04	2.045	1.844	2.692	0.552	0.522	2.297	0.608	0.192	3.265	1.099	0.43	8.35
2018-08-11 13:00	45	13.63	7.869	56.59	0.843	2.52	3.537	9.6	4.381	8.81	0.153	0.954	0.253	1.092	4.512	1.181	0.614	11.63	0.911	0.753	11.03	2.301	2.066	3.236	0.57	0.533	2.568	0.652	0.183	3.567	1.239	0.437	8.91
2018-08-11 13:30	46	13.57	8.46	53.62	0.863	2.715	4.149	10.43	4.722	9.62	0.152	0.952	0.251	1.09	5.267	1.25	0.599	12.39	0.903	0.734	11.88	2.595	2.333	3.908	0.627	0.56	2.741	0.702	0.179	4.094	1.417	0.446	9.85
2018-08-11 14:00	47	13.48	8.76	51.83	0.891	2.873	4.697	11.05	4.958	10.14	0.152	0.952	0.251	1.09	5.933	1.345	0.596	12.62	0.918	0.728	11.73	2.954	2.678	4.223	0.723	0.616	2.911	0.751	0.183	4.55	1.619	0.464	10.77
2018-08-11 14:30	48	13.36	9.07	44.77	0.929	2.989	5.255	11.38	5.095	10.3	0.151	0.951	0.251	1.09	6.473	1.459	0.61	12.35	0.954	0.74	11.11	3.369	3.078	4.294	0.851	0.684	3.049	0.802	0.196	4.827	1.82	0.486	11.44
2018-08-11 15:00	49	13.29	9.49	37.89	0.976	3.088	5.941	11.61	5.198	10.43	0.151	0.951	0.251	1.09	6.86	1.561	0.604	11.97	0.975	0.73	10.79	3.763	3.456	4.295	0.933	0.723	3.195	0.847	0.198	4.968	1.993	0.508	11.87
2018-08-11 15:30	50	13.18	9.9	41.33	1.031	3.154	6.569	11.85	5.31	10.6	0.15	0.95	0.251	1.09	7.275	1.658	0.594	11.45	0.999	0.72	10.29	4.122	3.797	4.41	1.003	0.751	3.324	0.893	0.204	5.188	2.144	0.541	12.54
2018-08-11 16:00	51	13.08	9.99	49.97	1.092	3.229	7.059	12.05	5.384	10.78	0.15	0.95	0.251	1.09	7.729	1.762	0.598	10.9	1.043	0.727	9.84	4.466	4.135	4.583	1.095	0.785	3.444	0.938	0.21	5.386	2.279	0.573	13.24
2018-08-11 16:30	52	13.01	9.84	46.32	1.159	3.321	7.27	12.24	5.433	10.75	0.149	0.948	0.251	1.09	7.928	1.874	0.609	10.28	1.093	0.74	9.24	4.781	4.432	4.673	1.188	0.83	3.561	0.985	0.219	5.438	2.387	0.6	13.8
2018-08-11 17:00	53	12.96	10.08	44.23	1.234	3.418	7.268	12.33	5.487	10.75	0.149	0.948	0.251	1.09	8.01	1.984	0.625	9.64	1.152	0.762	8.68	5.037	4.664	4.69	1.285	0.875	3.66	1.034	0.234	5.37	2.471	0.629	14.09
2018-08-11 17:30	54	12.92	10.15	47.74	1.31	3.456	7.163	12.3	5.531	10.64	0.149	0.947	0.251	1.09	7.954	2.08	0.634	9.05	1.206	0.778	8.3	5.215	4.825	4.649	1.361	0.905	3.731	1.073	0.243	5.265	2.528	0.657	14.22
2018-08-11 18:00	55	12.88	9.94	50.68	1.385	3.489	7.025	12.2	5.51	10.45	0.149	0.947	0.251	1.09	7.629	2.178	0.646	8.48	1.266	0.8	7.841	5.327	4.905	4.579	1.435	0.936	3.78	1.113	0.252	5.146	2.555	0.681	14.26
2018-08-11 18:30	56	12.86	9.8	55.99	1.462	3.539	6.964	12.03	5.369	10.26	0.148	0.947	0.252	1.09	7.143	2.265	0.667	7.93	1.332	0.828	7.408	5.365	4.909	4.512	1.507	0.973	3.81	1.155	0.267	5.005	2.562	0.704	14.11
2018-08-11 19:00	57	12.83	9.45	59.5	1.541	3.614	6.88	11.76	5.175	9.98	0.148	0.947	0.252	1.09	6.599	2.342	0.692	7.36	1.399	0.864	7.024	5.328	4.847	4.452	1.574	1.014	3.809	1.199	0.283	4.829	2.552	0.727	13.73
2018-08-11 19:30	58	12.81	8.9	60.27	1.616	3.633	6.579	11.42	4.962	9.58	0.148	0.946	0.252	1.091	6.103	2.407	0.705	6.777	1.453	0.89	6.517	5.221	4.73	4.359	1.622	1.034	3.772	1.228	0.297	4.608	2.524	0.742	13.15
2018-08-11 20:00	59	12.79	8.36	70.47	1.68	3.559	6.226	11.03	4.748	9.17	0.148	0.946	0.252	1.091	5.683	2.475	0.718	6.253	1.503	0.918	5.961	5.075	4.589	4.229	1.662	1.04	3.707	1.246	0.306	4.377	2.483	0.757	12.47
2018-08-11 20:30	60	12.77	7.309	77.53	1.734	3.491	5.784	10.61	4.535	8.78	0.149	0.947	0.253	1.092	5.288	2.507	0.739	5.781	1.549	0.949	5.433	4.906	4.435	4.068	1.697	1.054	3.633	1.263	0.317	4.129	2.43	0.765	11.71
2018-08-11 21:00	61	12.75	6.383	80.9	1.782	3.387	5.334	10.17	4.315	8.37	0.149	0.947	0.253	1.092	4.945	2.537	0.756	5.319	1.587	0.98	4.814	4.727	4.274	3.881	1.724	1.062	3.522	1.273	0.332	3.867	2.37	0.773	10.75
2018-08-11 21:30	62	12.73	5.351	84	1.817	3.269	4.893	9.7	4.074	7.935	0.149	0.948	0.254	1.093	4.59	2.573	0.779	4.88	1.624	1.012	4.168	4.544	4.116	3.63	1.746	1.069	3.39	1.282	0.347	3.563	2.304	0.776	9.64
2018-08-11 22:00	63	12.71	4.565	80.9	1.841	3.158	4.48	9.18	3.813	7.477	0.149	0.948	0.254	1.093	4.277	2.577	0.799	4.479	1.649	1.039	3.605	4.351	3.947	3.337	1.752	1.07	3.225	1.281	0.361	3.28	2.224	0.776	8.36
2018-08-11 22:30	64	12.69	4.827	82.6	1.86	3.019	4.065	8.64	3.533	6.984	0.15	0.95	0.255	1.094	3.937	2.552	0.813	4.031	1.669	1.066	2.884	4.156	3.776	2.995	1.746	1.049	3.007	1.268	0.37	2.994	2.135	0.777	6.945
2018-08-11 23:00	65	12.68	4.749	75.28	1.875	2.844	3.68	8.08	3.259	6.483	0.15	0.95	0.255	1.095	3.521	2.532	0.831	3.454	1.679	1.091	2.186	3.959	3.601	2.578	1.725	1.032	2.779	1.254	0.384	2.627	2.038	0.774	5.483
2018-08-11 23:30	66	12.67	3.532	80.5	1.88	2.706	3.414	7.546	3.027	6.042	0.151	0.951	0.257	1.097	3.1	2.495	0.833	2.934	1.676	1.103	1.781	3.743	3.415	2.185	1.674	0.984	2.543	1.225	0.386	2.281	1.933	0.768	4.09
2018-08-12 0:00	67	12.66	3.287	82.8	1.88	2.581	3.133	7.04	2.822	5.637	0.151	0.951	0.257	1.097	2.739	2.442	0.836	2.521	1.67	1.113	1.504	3.525	3.224	1.877	1.612	0.933	2.301	1.191	0.388	1.983	1.827	0.759	2.887
2018-08-12 0:30	68	12.64	1.812	86	1.867	2.467	2.842	6.568	2.642	5.289	0.151	0.951	0.257	1.097	2.447	2.38	0.833	2.205	1.644	1.111	1.294	3.308	3.029	1.622	1.529	0.875	2.078	1.147	0.383	1.731	1.715	0.744	1.903
2018-08-12 1:00	69	12.63	1.287	88.8	1.849	2.359	2.596	6.127	2.484	4.979	0.151	0.951	0.257	1.097	2.187	2.313	0.822	1.967	1.622	1.108	1.134	3.104	2.852	1.423	1.453	0.814	1.879	1.1	0.375	1.535	1.616	0.723	1.102
2018-08-12 1:30	70	12.62	1.355	87.4	1.824	2.245	2.382	5.716	2.344	4.7	0.151	0.951	0.257	1.097	1.965	2.244	0.819	1.778	1.587	1.1	1.006	2.907	2.681	1.244	1.361	0.762	1.707	1.054	0.365	1.368	1.515	0.702	0.482
2018-08-12 2:00	71	12.61	1.582	89.5	1.796	2.127	2.209	5.338	2.228	4.466	0.151	0.951	0.257	1.097	1.773	2.18	0.812	1.626	1.564	1.096	0.889	2.73	2.528	1.098	1.282	0.718	1.567	1.008	0.362	1.239	1.433	0.686	0.033
2018-08-12 2:30	72	12.6	1.526	85	1.764	2.016	2.028	4.989	2.126	4.245	0.151	0.951	0.257	1.098	1.614	2.111	0.809	1.494	1.537	1.093	0.798	2.565	2.384	0.969	1.208	0.677	1.441	0.97	0.354	1.13	1.354	0.662	-0.297
2018-08-12 3:00	73	12.59	1.394	85.8	1.726	1.907	1.868	4.668	2.034	4.042	0.151	0.951	0.257	1.098	1.478	2.049	0.815	1.382	1.514	1.092	0.719	2.418	2.253	0.86	1.144	0.655	1.336	0.941	0.348	1.042	1.282	0.645	-0.608
2018-08-12 3:30	74	12.58	1.249	87.1	1.688	1.817	1.716	4.366	1.947	3.848	0.151	0.951	0.257	1.098	1.349	1.98	0.814	1.279	1.483	1.086	0.644	2.279	2.131	0.758	1.074	0.623	1.239	0.905	0.343	0.964	1.212	0.626	-0.891
2018-08-12 4:00	75	12.57	0.932	87.6	1.645	1.731	1.589	4.087	1.875	3.678	0.151	0.951	0.257	1.098	1.24	1.917	0.818	1.192	1.457	1.08	0.577	2.154	2.022	0.671	1.013	0.601	1.155	0.874	0.342	0.902	1.149	0.61	-1.125
2018-08-12 4:30	76	12.56	0.455	86.4	1.605	1.649	1.468	3.826	1.809	3.517	0.151	0.951	0.257	1.098	1.135	1.853	0.817	1.113	1.427	1.07	0.508	2.036	1.916	0.59	0.956	0.582	1.079	0.841	0.333	0.841	1.084	0.588	-1.385
2018-08-12 5:00	77	12.57	0.731	86	1.562	1.594	1.361	3.6	1.781	3.425	0.151	0.951	0.257	1.098	1.054	1.782	0.811	1.042	1.398	1.058	0.462	1.931	1.822	0.521	0.892	0.536	1.003	0.801	0.322	0.79	1.026	0.572	-1.602
2018-08-12 5:30	78	12.61	1.36	85	1.518	1.555	1.314	3.437	1.809	3.421	0.151	0.951	0.256	1.097	0.962	1.713	0.806	0.995	1.37	1.049	0.468	1.845	1.743	0.468	0.826	0.486	0.949	0.767	0.317	0.761	0.985	0.574	-1.431
2018-08-12 6:00	79	12.7	1.944	84.2	1.473	1.506	1.28	3.348	1.892	3.476	0.151	0.951	0.256	1.097	0.886	1.646	0.799	0.961	1.342	1.036	0.505	1.761	1.671	0.421	0.764	0.445	0.903	0.732	0.306	0.73	0.946	0.567	-0.862
2018-08-12 6:30	80	12.88	3.062	78.8	1.43	1.461	1.246	3.345	2.014	3.604	0.151	0.951	0.256	1.096	0.844	1.579	0.791	0.947	1.308	1.023	0.567	1.68	1.597	0.385	0.709	0.415	0.886	0.702	0.304	0.709	0.912	0.564	-0.005
2018-08-12 7:00	81	13.13	4.845	69.6	1.389	1.431	1.235	3.445	2.188	3.86	0.151	0.951	0.256	1.096	0.848	1.524	0.792	1.154	1.285	1.013	1.181	1.613	1.538	0.355	0.66	0.39	0.916	0.685	0.301	0.702	0.888	0.565	1.104
2018-08-12 7:30	82	13.37	6.402	63.64	1.353	1.407	1.26	3.679	2.423	4.293	0.151	0.95	0.255	1.094	0.908	1.47	0.787	2.177	1.258	1	3.509	1.554	1.485	0.33	0.613	0.364	1.033	0.669	0.292	0.751	0.867	0.562	2.419
2018-08-12 8:00	83	13.54	7.471	59.31	1.316	1.404	1.312	4.078	2.718	4.863	0.151	0.95	0.255	1.094	1.009	1.419	0.777	3.663	1.232	0.984	5.978	1.507	1.44	0.319	0.57	0.346	1.215	0.666	0.285	1.06	0.846	0.554	3.914
2018-08-12 8:30	84	13.63	8.44	54.3	1.284	1.478	1.405	4.663	3.076	5.565	0.15	0.95	0.252	1.091	1.185	1.375	0.78	5.177	1.208	0.975	8.05	1.482	1.415	0.374	0.54	0.346	1.461	0.679	0.284	1.657	0.831	0.555	5.498
2018-08-12 9:00	85	13.68	9.92	51.46	1.252	1.636	1.57	5.466	3.433	6.482	0.15	0.95	0.252	1.091	1.537	1.336	0.776	6.581	1.186	0.963	9.79	1.5	1.428	0.572	0.52	0.345	1.739	0.698	0.275	2.324	0.824	0.547	7.086
2018-08-12 9:30	86	13.69	10.36	54.03	1.225	1.883	1.872	6.572	3.781	7.604	0.15	0.949	0.248	1.085	2.133	1.304	0.77	8.13	1.159	0.951	11.24	1.563	1.484	0.973	0.506	0.36	2.062	0.723	0.269	2.917	0.837	0.542	8.71
2018-08-12 10:00	87	13.69	11.22	49.15	1.203	2.177	2.339	7.859	4.135	8.67	0.15	0.949	0.247	1.085	2.879	1.297	0.775	9.64	1.144	0.941	12.29	1.679	1.588	1.515	0.524	0.412	2.47	0.769	0.268	3.357	0.884	0.535	10.2
2018-08-12 10:30	88	13.68	11.98	45.77	1.192	2.523	2.956	9.11	4.49	9.77	0.149	0.947	0.244	1.08	3.635	1.309	0.776	11.14	1.126	0.928	13.08	1.847	1.733	2.136	0.547	0.472	2.862	0.837	0.273	3.7	0.987	0.528	11.5
2018-08-12 11:00	89	13.66	12.39	44.35	1.196	2.893	3.643	10.37	4.815	10.6	0.149	0.947	0.244	1.08	4.351	1.351	0.781	12.55	1.112	0.921	13.39	2.07	1.92	2.784	0.591	0.54	3.231	0.903	0.279	4.006	1.13	0.523	12.6
2018-08-12 11:30	90	13.64	12.87	41.92	1.202	3.236	4.294	11.53	5.106	11.38	0.146	0.944	0.242	1.077	5.005	1.418	0.779	13.69	1.106	0.911	13.62	2.346	2.153	3.43	0.661	0.599	3.545	0.967	0.282	4.362	1.296	0.519	13.56
2018-08-12 12:00	91	13.6	13.24	43.81	1.224	3.544	4.964	12.54	5.352	12.17	0.146	0.944	0.242	1.077	5.586	1.504	0.776	14.62	1.107	0.904	14.24	2.666	2.437	4.052	0.758	0.655	3.826	1.03	0.28	4.772	1.48	0.519	14.38
2018-08-12 12:30	92	13.56	13.35	44.02	1.258	3.816	5.493	13.4	5.508	12.37	0.145	0.942	0.24	1.075	5.921	1.683	0.781	15.1	1.119	0.901	13.88	3.026	2.764	4.659	0.872	0.736	4.136	1.109	0.29	5.125	1.683	0.523	15.05
2018-08-12 13:00	93	13.52	13.32	42.46	1.292	3.981	5.766	13.95	5.569	12.48	0.145	0.942	0.24	1.075	6.19	1.89	0.784	14.63	1.139	0.897	12.74	3.415	3.117	5.316	0.998	0.811	4.424	1.19	0.299	5.588	1.912	0.537	15.54
2018-08-12 13:30	94	13.44	13.33	45.5	1.342	4.23	5.985	14.16	5.621	12.48	0.144	0.941	0.241	1.076	6.58	2.065	0.779	14.14	1.157	0.891	12.14	3.807	3.48	5.786	1.133	0.878	4.573	1.267	0.307	5.98	2.158	0.557	15.91
2018-08-12 14:00	95	13.35	13.37	43.71	1.392	4.252	6.07	13.99	5.594	12.14	0.144	0.941	0.241	1.076	6.831	2.266	0.793	13.09	1.2	0.903	11.1	4.204	3.858	5.919	1.299	0.962	4.682	1.332	0.317	6.188	2.381	0.577	16.05
2018-08-12 14:30	96	13.32	13.48	47.87	1.457	4.418	6.401	13.8	5.712	11.99	0.144	0.94	0.241	1.076	6.933	2.421	0.775	12.64	1.222	0.887	10.97	4.533	4.169	5.914	1.404	0.993	4.783	1.387	0.319	6.356	2.588	0.611	16.16
2018-08-12 15:00	97	13.23	13.06	48.81	1.534	4.895	6.325	13.63	5.725	11.75	0.144	0.94	0.241	1.076	6.984	2.552	0.783	12.07	1.268	0.897	10.33	4.828	4.47	5.955	1.552	1.06	4.807	1.468	0.331	6.441	2.776	0.646	16.39
2018-08-12 15:30	98	13.12	13.02	49.89	1.612	5.15	6.241	13.22	5.656	11.49	0.143	0.938	0.241	1.077	7.144	2.717	0.797	11.31	1.321	0.911	9.77	5.098	4.743	6.006	1.693	1.122	4.866	1.544	0.35	6.328	2.93	0.686	16.39
2018-08-12 16:00	99	13.05	12.65	52.05	1.69	5.336	6.229	12.94	5.615	11.23	0.142	0.938	0.241	1.077	7.208	2.817	0.798	10.73	1.366	0.921	9.53	5.314	4.957	6.08	1.798	1.15	4.896	1.604	0.357	6.249	3.037	0.726	16.37
2018-08-12 16:30	100	12.98	12.39	49.89	1.768	5.461	6.123	12.68	5.534	10.98	0.142	0.937	0.241	1.077	7.223	2.92	0.818	10.08	1.425	0.942	8.99	5.473	5.11	6.069	1.914	1.206	4.919	1.671	0.378	6.104	3.116	0.766	16.21
2018-08-12 17:00	101	12.93	12.1	51.44	1.842	5.523	6.053	12.4	5.545	10.77	0.142	0.937	0.241	1.077	7.133	3.017	0.824	9.54	1.473	0.96	8.72	5.56	5.177	6.009	1.996	1.227	4.926	1.718	0.388	5.94	3.171	0.805	16.01
2018-08-12 17:30	102	12.9	11.79	52.6	1.91	5.553	5.986	12.09	5.57	10.65	0.141	0.937	0.241	1.077	7.016	3.107	0.84	9.12	1.529	0.984	8.55	5.591	5.2	5.998	2.079	1.259	4.937	1.767	0.408	5.816	3.215	0.841	15.8
2018-08-12 18:00	103	12.87	11.11	55.04	1.973	5.508	5.911	11.82	5.531	10.5	0.141	0.937	0.241	1.077	6.817	3.206	0.864	8.7	1.585	1.018	8.18	5.583	5.175	5.968	2.161	1.297	4.911	1.807	0.423	5.69	3.242	0.874	15.51
2018-08-12 18:30	104	12.85	10.43	62	2.027	5.436	5.934	11.59	5.414	10.3	0.141	0.936	0.242	1.077	6.582	3.301	0.889	8.32	1.642	1.049	8.01	5.532	5.104	5.915	2.23	1.331	4.889	1.843	0.443	5.538	3.259	0.905	14.98
2018-08-12 19:00	105	12.82	9.71	65.78	2.073	5.291	5.84	11.32	5.256	10.03	0.141	0.936	0.242	1.077	6.399	3.399	0.926	7.94	1.704	1.091	7.602	5.447	5.01	5.88	2.304	1.379	4.846	1.872	0.467	5.378	3.261	0.929	14.17
2018-08-12 19:30	106	12.78	9	69.26	2.114	5.145	5.739	11.01	5.098	9.74	0.141	0.937	0.242	1.078	6.22	3.435	0.944	7.585	1.748	1.123	7.287	5.333	4.893	5.811	2.346	1.388	4.774	1.879	0.478	5.202	3.249	0.947	13.17
2018-08-12 20:00	107	12.75	8.5	70.1	2.153	5.02	5.592	10.65	4.936	9.44	0.141	0.937	0.242	1.078	6.015	3.465	0.956	7.255	1.785	1.15	6.966	5.201	4.771	5.692	2.375	1.391	4.689	1.881	0.488	5.017	3.229	0.963	12.13
2018-08-12 20:30	108	12.73	7.867	77.88	2.193	4.961	5.478	10.3	4.795	9.19	0.142	0.937	0.242	1.078	5.844	3.389	0.963	7.014	1.812	1.17	6.817	5.064	4.646	5.577	2.386	1.377	4.598	1.88	0.493	4.856	3.199	0.977	11.22
2018-08-12 21:00	109	12.71	7.018	80.6	2.227	4.885	5.336	9.95	4.641	8.91	0.142	0.937	0.243	1.078	5.72	3.349	0.979	6.765	1.84	1.196	6.517	4.931	4.527	5.442	2.403	1.379	4.499	1.882	0.507	4.712	3.167	0.993	10.4
2018-08-12 21:30	110	12.69	6.065	84.1	2.256	4.739	5.182	9.59	4.474	8.6	0.142	0.937	0.243	1.079	5.558	3.321	0.993	6.425	1.865	1.221	6.092	4.804	4.414	5.252	2.406	1.377	4.365	1.876	0.52	4.542	3.125	1.008	9.55
2018-08-12 22:00	111	12.67	4.985	88.8	2.28	4.535	4.961	9.22	4.302	8.27	0.142	0.937	0.243	1.079	5.345	3.306	1.011	5.994	1.888	1.247	5.571	4.684	4.307	5.006	2.406	1.374	4.2	1.863	0.531	4.324	3.066	1.02	8.69
2018-08-12 22:30	112	12.66	3.96	91.4	2.293	4.304	4.706	8.83	4.106	7.91	0.143	0.939	0.244	1.081	5.074	3.296	1.028	5.534	1.908	1.273	5.019	4.557	4.192	4.705	2.399	1.369	4.015	1.848	0.543	4.061	2.988	1.026	7.729
2018-08-12 23:00	113	12.64	3.501	92.9	2.295	4.063	4.45	8.44	3.907	7.549	0.143	0.939	0.244	1.081	4.802	3.278	1.039	5.116	1.918	1.289	4.561	4.419	4.061	4.391	2.372	1.348	3.827	1.822	0.551	3.795	2.897	1.033	6.768
2018-08-12 23:30	114	12.63	2.797	94.7	2.295	3.844	4.169	8.03	3.714	7.191	0.144	0.94	0.245	1.082	4.559	3.251	1.05	4.737	1.926	1.307	4.127	4.276	3.93	4.094	2.336	1.319	3.634	1.788	0.556	3.548	2.797	1.036	5.896
2018-08-13 0:00	115	12.62	2.005	96.2	2.293	3.652	3.847	7.64	3.537	6.854	0.144	0.94	0.245	1.082	4.308	3.225	1.065	4.372	1.934	1.324	3.695	4.132	3.8	3.803	2.294	1.301	3.451	1.757	0.568	3.312	2.7	1.04	5.088
2018-08-13 0:30	116	12.61	1.331	97.4	2.271	3.43	3.559	7.262	3.384	6.546	0.144	0.941	0.246	1.083	4.039	3.19	1.073	4.049	1.935	1.339	3.359	3.973	3.66	3.518	2.242	1.27	3.258	1.718	0.573	3.075	2.591	1.036	4.314
2018-08-13 1:00	117	12.6	1.148	97.5	2.245	3.237	3.289	6.903	3.251	6.268	0.144	0.941	0.246	1.083	3.819	3.137	1.081	3.765	1.927	1.346	3.045	3.822	3.518	3.241	2.18	1.237	3.072	1.674	0.575	2.848	2.481	1.029	3.607
2018-08-13 1:30	118	12.58	0.992	97.8	2.214	3.081	3.077	6.567	3.139	6.029	0.145	0.941	0.246	1.083	3.593	3.083	1.083	3.553	1.917	1.353	2.865	3.668	3.382	3.013	2.108	1.194	2.911	1.625	0.574	2.648	2.365	1.021	3.022
2018-08-13 2:00	119	12.57	0.672	98	2.177	2.88	2.885	6.254	3.042	5.808	0.145	0.941	0.246	1.083	3.388	3.03	1.089	3.35	1.9	1.357	2.693	3.516	3.247	2.807	2.027	1.162	2.763	1.582	0.575	2.488	2.259	1.01	2.556
2018-08-13 2:30	120	12.56	0.524	97.7	2.138	2.748	2.716	5.958	2.951	5.6	0.145	0.942	0.247	1.084	3.24	2.963	1.097	3.177	1.884	1.362	2.494	3.381	3.121	2.613	1.959	1.131	2.618	1.529	0.574	2.343	2.163	0.999	2.142
2018-08-13 3:00	121	12.55	0.182	97.9	2.094	2.647	2.525	5.68	2.868	5.405	0.145	0.942	0.247	1.084	3.071	2.903	1.099	3.013	1.868	1.358	2.31	3.25	3.005	2.436	1.886	1.095	2.481	1.481	0.572	2.215	2.069	0.983	1.792
2018-08-13 3:30	122	12.54	0.188	98.1	2.054	2.543	2.379	5.419	2.79	5.215	0.145	0.942	0.247	1.084	2.916	2.84	1.099	2.855	1.848	1.357	2.13	3.126	2.894	2.257	1.815	1.06	2.35	1.435	0.569	2.086	1.982	0.959	1.465
2018-08-13 4:00	123	12.53	0.292	98	2.011	2.463	2.308	5.171	2.721	5.043	0.145	0.942	0.247	1.084	2.775	2.777	1.103	2.723	1.829	1.355	1.96	3.007	2.789	2.103	1.743	1.031	2.239	1.393	0.559	1.979	1.897	0.943	1.208
2018-08-13 4:30	124	12.52	0.456	97.8	1.972	2.404	2.243	4.941	2.661	4.888	0.145	0.942	0.247	1.085	2.647	2.714	1.105	2.626	1.801	1.352	1.881	2.894	2.692	1.975	1.672	0.997	2.144	1.349	0.55	1.912	1.818	0.929	1.027
2018-08-13 5:00	125	12.51	0.658	97.9	1.931	2.347	2.211	4.735	2.617	4.757	0.145	0.942	0.247	1.085	2.541	2.651	1.103	2.565	1.774	1.344	1.858	2.787	2.595	1.874	1.6	0.963	2.064	1.305	0.538	1.854	1.747	0.91	0.95
2018-08-13 5:30	126	12.51	0.692	96.6	1.892	2.303	2.211	4.554	2.589	4.647	0.145	0.942	0.247	1.085	2.462	2.588	1.109	2.546	1.755	1.342	1.853	2.692	2.51	1.808	1.539	0.941	2.008	1.272	0.537	1.823	1.694	0.895	0.954
2018-08-13 6:00	127	12.5	0.76	94.1	1.854	2.264	2.231	4.4	2.573	4.563	0.145	0.942	0.247	1.085	2.405	2.526	1.113	2.559	1.733	1.336	1.895	2.604	2.434	1.766	1.479	0.924	1.964	1.24	0.534	1.807	1.659	0.882	0.988
2018-08-13 6:30	128	12.5	0.872	96.9	1.819	2.255	2.271	4.272	2.574	4.504	0.145	0.941	0.247	1.084	2.376	2.466	1.114	2.59	1.715	1.331	2.003	2.525	2.365	1.751	1.424	0.91	1.935	1.213	0.53	1.808	1.627	0.871	1.025
2018-08-13 7:00	129	12.5	0.982	96.2	1.785	2.248	2.32	4.17	2.586	4.456	0.145	0.941	0.247	1.084	2.366	2.406	1.115	2.67	1.697	1.323	2.221	2.457	2.308	1.773	1.373	0.894	1.922	1.186	0.526	1.832	1.602	0.861	1.086
2018-08-13 7:30	130	12.5	0.863	97.5	1.753	2.224	2.332	4.095	2.605	4.427	0.144	0.941	0.247	1.084	2.365	2.35	1.113	2.781	1.676	1.314	2.464	2.4	2.258	1.805	1.328	0.878	1.915	1.16	0.518	1.871	1.582	0.847	1.177
2018-08-13 8:00	131	12.5	0.681	97.5	1.72	2.181	2.315	4.043	2.632	4.404	0.144	0.941	0.247	1.084	2.379	2.3	1.115	2.89	1.657	1.308	2.694	2.357	2.222	1.838	1.293	0.873	1.923	1.139	0.517	1.89	1.568	0.834	1.257
2018-08-13 8:30	132	12.5	0.426	97.9	1.688	2.137	2.334	4.014	2.668	4.392	0.144	0.941	0.247	1.084	2.402	2.257	1.116	3.003	1.636	1.298	2.88	2.319	2.189	1.873	1.264	0.867	1.921	1.12	0.512	1.888	1.559	0.821	1.305
2018-08-13 9:00	133	12.5	-0.135	97.9	1.658	2.08	2.235	4.007	2.706	4.374	0.144	0.941	0.246	1.084	2.442	2.219	1.119	3.12	1.62	1.292	3.05	2.295	2.171	1.913	1.244	0.868	1.917	1.105	0.508	1.886	1.548	0.811	1.298
2018-08-13 9:30	134	12.51	-0.297	97.7	1.627	2.024	2.223	4.026	2.766	4.381	0.145	0.941	0.246	1.084	2.479	2.184	1.119	3.272	1.605	1.282	3.316	2.274	2.151	1.958	1.223	0.87	1.911	1.092	0.501	1.853	1.539	0.802	1.193
2018-08-13 10:00	135	12.52	-0.086	97.8	1.605	2.017	2.301	4.103	2.873	4.465	0.145	0.941	0.246	1.084	2.555	2.141	1.113	3.604	1.582	1.27	3.923	2.262	2.14	2.073	1.2	0.851	1.932	1.073	0.481	1.859	1.534	0.793	1.136
2018-08-13 10:30	136	12.55	0.087	97.4	1.58	2.041	2.434	4.237	3.004	4.596	0.144	0.941	0.246	1.082	2.681	2.101	1.105	3.971	1.564	1.258	4.418	2.259	2.135	2.238	1.179	0.839	1.97	1.058	0.478	1.951	1.55	0.788	1.177
2018-08-13 11:00	137	12.6	0.262	96.8	1.564	2.14	2.697	4.464	3.195	4.839	0.144	0.94	0.246	1.082	2.861	2.068	1.095	4.552	1.545	1.242	5.203	2.275	2.147	2.475	1.165	0.828	2.05	1.045	0.469	2.124	1.586	0.79	1.343
2018-08-13 11:30	138	12.65	0.351	95	1.548	2.27	2.926	4.777	3.416	5.185	0.143	0.939	0.245	1.081	3.09	2.048	1.088	5.182	1.53	1.23	5.774	2.316	2.189	2.758	1.16	0.841	2.153	1.052	0.468	2.288	1.648	0.8	1.614
2018-08-13 12:00	139	12.69	0.475	95.1	1.538	2.384	3.145	5.138	3.632	5.544	0.143	0.939	0.245	1.081	3.327	2.03	1.091	5.695	1.521	1.225	6.073	2.391	2.254	3.036	1.178	0.859	2.242	1.067	0.462	2.455	1.722	0.802	1.913
2018-08-13 12:30	140	12.7	0.195	96.9	1.532	2.42	3.272	5.481	3.79	5.839	0.143	0.939	0.244	1.081	3.514	2.024	1.094	5.938	1.519	1.225	6.191	2.492	2.347	3.26	1.21	0.882	2.295	1.075	0.452	2.577	1.798	0.803	2.158
2018-08-13 13:00	141	12.69	-0.023	95.4	1.53	2.375	3.338	5.734	3.876	5.928	0.143	0.939	0.244	1.081	3.645	2.03	1.095	5.889	1.525	1.219	5.801	2.604	2.445	3.361	1.247	0.912	2.298	1.086	0.452	2.647	1.86	0.8	2.258
2018-08-13 13:30	142	12.69	0.022	94.9	1.523	2.3	3.363	5.881	3.908	5.96	0.143	0.939	0.245	1.082	3.676	2.04	1.098	5.672	1.52	1.215	5.242	2.709	2.534	3.337	1.28	0.932	2.272	1.093	0.453	2.616	1.908	0.807	2.203
2018-08-13 14:00	143	12.71	0.174	93.9	1.522	2.277	3.422	6.018	3.977	6.046	0.143	0.939	0.245	1.082	3.683	2.039	1.089	5.73	1.512	1.208	5.444	2.793	2.607	3.359	1.303	0.925	2.265	1.087	0.443	2.591	1.937	0.809	2.168
2018-08-13 14:30	144	12.74	0.222	93.2	1.524	2.289	3.498	6.187	4.076	6.189	0.143	0.939	0.245	1.081	3.744	2.044	1.081	5.903	1.516	1.2	5.659	2.864	2.663	3.433	1.323	0.924	2.279	1.086	0.437	2.611	1.971	0.818	2.203
2018-08-13 15:00	145	12.74	0.2	91.6	1.523	2.31	3.564	6.345	4.135	6.266	0.143	0.939	0.245	1.081	3.852	2.051	1.075	5.972	1.525	1.194	5.579	2.927	2.721	3.52	1.347	0.931	2.278	1.086	0.433	2.659	2.002	0.822	2.261
2018-08-13 15:30	146	12.73	0.276	90.9	1.523	2.289	3.561	6.458	4.153	6.33	0.143	0.939	0.245	1.081	3.898	2.062	1.071	5.912	1.528	1.191	5.498	2.982	2.781	3.557	1.366	0.934	2.27	1.082	0.426	2.674	2.034	0.828	2.294
2018-08-13 16:00	147	12.71	0.156	92.2	1.523	2.226	3.501	6.517	4.14	6.317	0.143	0.939	0.245	1.081	3.905	2.073	1.07	5.785	1.534	1.19	5.317	3.041	2.834	3.539	1.388	0.942	2.242	1.078	0.423	2.65	2.048	0.831	2.299
2018-08-13 16:30	148	12.68	0.039	91.5	1.523	2.141	3.413	6.516	4.093	6.224	0.143	0.94	0.245	1.081	3.877	2.083	1.068	5.568	1.535	1.189	4.984	3.084	2.869	3.462	1.409	0.947	2.193	1.071	0.422	2.593	2.05	0.833	2.222
2018-08-13 17:00	149	12.65	-0.03	91.3	1.52	2.032	3.259	6.45	4.004	6.092	0.143	0.94	0.245	1.081	3.805	2.098	1.07	5.258	1.54	1.191	4.619	3.116	2.888	3.327	1.423	0.953	2.128	1.063	0.421	2.499	2.04	0.835	2.058
2018-08-13 17:30	150	12.62	-0.074	91.6	1.512	1.955	3.153	6.36	3.929	5.97	0.144	0.94	0.245	1.082	3.711	2.103	1.063	5.044	1.543	1.183	4.531	3.123	2.892	3.192	1.423	0.939	2.056	1.045	0.414	2.385	2.011	0.833	1.851
2018-08-13 18:00	151	12.59	-0.345	95	1.504	1.846	2.999	6.262	3.854	5.822	0.144	0.94	0.245	1.082	3.604	2.106	1.052	4.796	1.549	1.179	4.19	3.116	2.882	3.045	1.424	0.924	1.954	1.018	0.409	2.28	1.975	0.83	1.668
2018-08-13 18:30	152	12.57	-0.51	96	1.494	1.713	2.864	6.14	3.766	5.661	0.144	0.941	0.246	1.083	3.474	2.108	1.049	4.522	1.551	1.179	3.836	3.09	2.856	2.856	1.415	0.911	1.87	0.995	0.408	2.159	1.932	0.821	1.451
2018-08-13 19:00	153	12.53	-0.745	96.3	1.481	1.564	2.611	5.975	3.637	5.465	0.144	0.941	0.246	1.083	3.301	2.101	1.045	4.155	1.553	1.18	3.342	3.052	2.82	2.636	1.403	0.897	1.757	0.97	0.402	2.017	1.871	0.81	1.196
2018-08-13 19:30	154	12.5	-0.901	96.3	1.464	1.412	2.393	5.765	3.493	5.223	0.145	0.942	0.247	1.084	3.079	2.095	1.043	3.741	1.552	1.18	2.824	3.002	2.774	2.378	1.384	0.88	1.643	0.942	0.393	1.849	1.796	0.803	0.91
2018-08-13 20:00	155	12.48	-1.05	97.2	1.44	1.264	2.161	5.531	3.347	4.975	0.145	0.942	0.247	1.084	2.842	2.081	1.035	3.326	1.54	1.176	2.318	2.932	2.707	2.111	1.346	0.854	1.524	0.909	0.384	1.679	1.711	0.79	0.619
2018-08-13 20:30	156	12.46	-1.209	96.9	1.417	1.146	1.945	5.28	3.197	4.737	0.145	0.942	0.248	1.086	2.625	2.065	1.03	2.963	1.539	1.17	1.951	2.852	2.631	1.852	1.306	0.833	1.419	0.877	0.382	1.521	1.627	0.781	0.352
2018-08-13 21:00	157	12.45	-1.303	97.1	1.39	1.052	1.751	5.022	3.048	4.503	0.145	0.942	0.248	1.086	2.418	2.04	1.019	2.667	1.531	1.166	1.688	2.755	2.543	1.629	1.262	0.799	1.319	0.838	0.376	1.386	1.539	0.765	0.094
2018-08-13 21:30	158	12.44	-1.475	97.1	1.361	0.978	1.566	4.762	2.906	4.28	0.146	0.943	0.248	1.086	2.228	2.005	1.011	2.409	1.521	1.163	1.481	2.651	2.448	1.441	1.209	0.765	1.225	0.799	0.366	1.265	1.452	0.742	-0.148
2018-08-13 22:00	159	12.43	-1.526	96.7	1.33	0.902	1.402	4.503	2.767	4.062	0.146	0.943	0.248	1.086	2.045	1.969	1.002	2.175	1.503	1.154	1.292	2.54	2.347	1.27	1.152	0.733	1.14	0.764	0.351	1.155	1.366	0.721	-0.379
2018-08-13 22:30	160	12.43	-1.536	97	1.301	0.852	1.265	4.25	2.638	3.863	0.146	0.943	0.248	1.086	1.899	1.926	0.996	1.96	1.487	1.15	1.124	2.431	2.252	1.121	1.097	0.706	1.059	0.729	0.34	1.057	1.29	0.705	-0.575
2018-08-13 23:00	161	12.43	-1.628	97	1.268	0.798	1.153	4.008	2.52	3.676	0.146	0.943	0.248	1.086	1.748	1.879	0.986	1.776	1.467	1.139	0.994	2.318	2.151	0.987	1.038	0.675	0.984	0.694	0.327	0.973	1.212	0.68	-0.75
2018-08-13 23:30	162	12.42	-1.639	97.4	1.237	0.759	1.073	3.774	2.411	3.51	0.146	0.943	0.249	1.086	1.627	1.833	0.978	1.609	1.449	1.131	0.856	2.214	2.059	0.878	0.982	0.649	0.917	0.663	0.317	0.896	1.148	0.661	-0.903
2018-08-14 0:00	163	12.42	-1.71	96.2	1.208	0.731	1.019	3.553	2.313	3.365	0.146	0.943	0.249	1.086	1.514	1.783	0.969	1.484	1.428	1.122	0.721	2.11	1.966	0.787	0.925	0.625	0.856	0.635	0.31	0.838	1.088	0.642	-1.031
2018-08-14 0:30	164	12.42	-1.816	95.6	1.182	0.742	0.981	3.343	2.224	3.234	0.145	0.942	0.249	1.087	1.427	1.73	0.964	1.38	1.408	1.116	0.579	2.016	1.885	0.711	0.877	0.608	0.8	0.612	0.303	0.79	1.034	0.625	-1.15
2018-08-14 1:00	165	12.41	-1.959	95.4	1.159	0.743	0.948	3.145	2.144	3.112	0.145	0.942	0.249	1.087	1.344	1.681	0.96	1.295	1.388	1.108	0.496	1.928	1.808	0.647	0.833	0.588	0.748	0.589	0.296	0.747	0.988	0.609	-1.272
2018-08-14 1:30	166	12.41	-1.974	95.2	1.138	0.737	0.917	2.959	2.068	2.991	0.145	0.942	0.249	1.087	1.26	1.628	0.95	1.205	1.364	1.095	0.419	1.839	1.731	0.583	0.782	0.566	0.699	0.563	0.285	0.708	0.941	0.589	-1.401
2018-08-14 2:00	167	12.41	-1.971	94.4	1.113	0.729	0.887	2.784	2	2.877	0.145	0.942	0.249	1.087	1.182	1.581	0.94	1.128	1.34	1.084	0.371	1.757	1.659	0.527	0.739	0.544	0.655	0.539	0.275	0.671	0.896	0.57	-1.514
2018-08-14 2:30	168	12.41	-2	94.1	1.093	0.714	0.857	2.62	1.937	2.767	0.145	0.942	0.249	1.087	1.109	1.536	0.93	1.053	1.317	1.071	0.334	1.679	1.589	0.475	0.697	0.526	0.616	0.518	0.266	0.639	0.857	0.551	-1.612
2018-08-14 3:00	169	12.4	-2.029	94.8	1.07	0.697	0.821	2.465	1.877	2.663	0.145	0.942	0.249	1.087	1.047	1.504	0.929	0.999	1.301	1.067	0.319	1.62	1.537	0.438	0.666	0.514	0.588	0.504	0.264	0.62	0.828	0.543	-1.686
2018-08-14 3:30	170	12.4	-2.118	95.5	1.045	0.665	0.791	2.321	1.823	2.564	0.145	0.942	0.249	1.087	0.988	1.467	0.924	0.944	1.282	1.055	0.294	1.554	1.479	0.399	0.635	0.498	0.559	0.489	0.259	0.597	0.797	0.531	-1.747
2018-08-14 4:00	171	12.4	-2.103	94.6	1.023	0.65	0.765	2.185	1.775	2.47	0.145	0.942	0.249	1.087	0.933	1.425	0.911	0.891	1.256	1.04	0.263	1.488	1.419	0.357	0.596	0.479	0.524	0.467	0.246	0.569	0.761	0.511	-1.801
2018-08-14 4:30	172	12.39	-2.267	91.3	1.006	0.643	0.742	2.057	1.728	2.386	0.145	0.942	0.249	1.087	0.881	1.379	0.903	0.846	1.232	1.023	0.234	1.425	1.363	0.323	0.562	0.461	0.493	0.447	0.235	0.544	0.73	0.493	-1.854
2018-08-14 5:00	173	12.39	-2.226	92.1	0.983	0.634	0.71	1.936	1.688	2.304	0.145	0.942	0.249	1.087	0.832	1.346	0.894	0.806	1.21	1.009	0.223	1.371	1.314	0.293	0.535	0.449	0.466	0.432	0.229	0.522	0.701	0.48	-1.927
2018-08-14 5:30	174	12.39	-2.278	93.3	0.963	0.637	0.679	1.828	1.656	2.229	0.145	0.942	0.249	1.087	0.791	1.316	0.886	0.776	1.189	0.999	0.215	1.32	1.269	0.268	0.509	0.435	0.442	0.417	0.221	0.505	0.677	0.467	-2.017
2018-08-14 6:00	175	12.39	-2.322	97.1	0.941	0.614	0.636	1.735	1.642	2.168	0.145	0.942	0.249	1.087	0.759	1.284	0.878	0.757	1.171	0.986	0.22	1.276	1.23	0.247	0.483	0.416	0.422	0.404	0.217	0.495	0.652	0.461	-2.074
2018-08-14 6:30	176	12.39	-2.489	96.7	0.917	0.577	0.604	1.666	1.639	2.119	0.145	0.942	0.248	1.086	0.725	1.249	0.867	0.741	1.148	0.972	0.224	1.23	1.186	0.223	0.456	0.397	0.396	0.383	0.204	0.48	0.628	0.441	-2.065
2018-08-14 7:00	177	12.39	-2.492	96.9	0.893	0.558	0.598	1.615	1.645	2.086	0.145	0.942	0.248	1.086	0.697	1.217	0.858	0.733	1.128	0.958	0.223	1.189	1.15	0.205	0.432	0.385	0.378	0.369	0.196	0.469	0.606	0.429	-2.03
2018-08-14 7:30	178	12.39	-2.512	97.4	0.872	0.539	0.589	1.578	1.646	2.058	0.145	0.941	0.248	1.086	0.674	1.184	0.846	0.726	1.104	0.943	0.214	1.149	1.11	0.186	0.41	0.371	0.357	0.352	0.183	0.457	0.581	0.415	-1.993
2018-08-14 8:00	179	12.39	-2.502	96.9	0.851	0.509	0.557	1.557	1.662	2.037	0.145	0.941	0.248	1.086	0.661	1.161	0.841	0.731	1.09	0.93	0.227	1.118	1.083	0.177	0.392	0.364	0.349	0.344	0.184	0.457	0.566	0.409	-1.953
2018-08-14 8:30	180	12.4	-2.464	95	0.827	0.486	0.531	1.555	1.69	2.027	0.145	0.941	0.248	1.086	0.645	1.133	0.833	0.747	1.072	0.92	0.238	1.09	1.056	0.166	0.375	0.352	0.338	0.333	0.178	0.451	0.551	0.4	-1.907
2018-08-14 9:00	181	12.41	-2.469	96.2	0.805	0.473	0.545	1.587	1.734	2.038	0.145	0.941	0.248	1.086	0.633	1.105	0.823	0.789	1.054	0.906	0.246	1.062	1.028	0.157	0.356	0.337	0.328	0.321	0.172	0.445	0.536	0.39	-1.835
2018-08-14 9:30	182	12.43	-2.319	94.7	0.787	0.466	0.551	1.655	1.801	2.094	0.144	0.941	0.248	1.086	0.621	1.075	0.809	0.89	1.03	0.888	0.258	1.033	1	0.145	0.333	0.324	0.319	0.304	0.163	0.447	0.522	0.379	-1.734
2018-08-14 10:00	183	12.45	-1.98	92.4	0.767	0.478	0.589	1.783	1.915	2.215	0.144	0.941	0.248	1.086	0.638	1.051	0.804	1.178	1.016	0.877	0.29	1.021	0.983	0.142	0.316	0.312	0.318	0.299	0.163	0.473	0.514	0.377	-1.545
2018-08-14 10:30	184	12.47	-1.871	94.8	0.747	0.477	0.66	1.97	2.046	2.387	0.144	0.94	0.248	1.086	0.7	1.031	0.797	1.723	1.002	0.868	0.361	1.015	0.978	0.146	0.304	0.305	0.315	0.293	0.162	0.517	0.51	0.373	-1.264
2018-08-14 11:00	185	12.49	-1.628	92	0.726	0.481	0.788	2.202	2.186	2.588	0.144	0.94	0.248	1.086	0.871	1.008	0.79	2.368	0.987	0.856	0.906	1.025	0.986	0.147	0.293	0.295	0.308	0.285	0.157	0.564	0.505	0.368	-0.97
2018-08-14 11:30	186	12.51	-1.108	94.4	0.711	0.491	1.009	2.495	2.368	2.837	0.144	0.94	0.247	1.084	1.191	0.984	0.78	3.078	0.973	0.843	2.625	1.061	1.017	0.163	0.281	0.283	0.307	0.272	0.153	0.637	0.511	0.362	-0.642
